10
1.5 2.3 3.1 4.6 5.9 10.6 14.3 21.1 27.8 36.8
10
1.3 2.3 4.4 7.9 16.7 26.6 31.7 33.4 34.1 34.5

1.5 1.5 1.5 1.3 1.5 1.4 1.4 1.2 1.2 1.2
2.1 2.0 1.9 1.8 1.7 1.4 1.4 1.2 1.1 1.1
2.6 1.7 1.6 1.1 0.7 0.7 0.7 0.7 0.7 0.7
2.7 1.6 1.6 1.6 1.0 1.0 1.0 1.0 1.0 0.9
2.2 2.2 2.2 2.1 1.4 1.3 1.3 1.3 1.3 1.2
3.9 3.9 3.9 3.9 2.5 2.4 2.4 2.4 2.4 2.3
5.2 5.2 5.2 5.2 3.3 3.2 3.1 3.1 3.1 3.1
7.7 7.7 7.7 6.6 4.9 4.8 4.8 4.7 4.7 4.6
10.2 10.2 10.2 6.5 6.4 6.4 6.3 6.1 6.1 6.0
14.9 14.8 14.8 9.4 9.4 9.3 9.1 9.1 9.0 9.0
